111111111111111110z0
]||||1]|||||111|1000
111111|1111|111|1000
111Y|1|1111111]111r1
1111|1||]|111|1111r1
1111|1111111|1|111r1
1111|1111|1|111|11r1
1|]|||||||1|111|11r1
111111|11111111111r1
0K0111|1111111111000
000rrrrrrrrrrrrrr0>0
00011111111111111000

00000000000000000s0s
00000000000000000000
00000000000000000000
00000000000000000000
00000000000000000000
00000000000000000000
00000000000000000000
00000000000000000000
00000000000000000000
s0s00000000000000000
00000000000000000000
00000000000000000000

18
1
1