11111111111111111111
11111111111111111111
11111111111111111111
11110000011000z01111
111100E0000000001111
11111000000000000111
11111000000000000111
11111000000000000111
11111110000000000111
11111111000011111111
11111111111111111111
11111111111111111111

00000000000000000000
00000000000000000000
00000000000000000000
00000b000000bs0b0000
00000000000000000000
00000000s00000000000
00000b0000s00000s000
0000000000000000b000
000000000sws0sbs0000
00000000000000000000
00000000000000000000
00000000000000000000

14
6
1