1111111111111111110z
1.1||.111||.11.11100
1|||1||.1|1|1|||.111
11111U.11|1|1|11|||.
111111||1|1|||.111|1
1110011.||.1.11.|||1
11000T1111111.||111.
11000000|||1111||.1|
1100000001.||1111|1|
1100000>0111|11.||||
111000000.1.|.1|11|1
111111111|||1|||11|.

00000000000000000000
00000000000000000000
00000000000000000000
00000000000000000000
00000000000000000000
00000000000000000000
00000000000000000000
00s00D00000000000000
00s00000000000000000
000s0000000000000000
0000b000s00000000000
00000000000000000000

5
3
1