11111111111111111111
11111111111111111111
11111111111111111111
11111110000000011111
11111110000000000111
11110z0000yyy0000111
111100000yyyyyy00011
111100000yyyyyy00011
111110000yyyyyg00011
11111110000000001111
11111111111111111111
11111111111111111111

00000000000000000000
00000000000000000000
00000000000000000000
00000000000000000000
00000000000000000000
0000s0s0000s00000000
0000000000b0s0000000
000000X000sb0b000000
00000000000000000000
00000000000000000000
00000000000000000000
00000000000000000000

8
7
1