11111111111111111111
11111111111111111111
11111111111111000001
11111100001100000001
11111101101101000001
11111101101101100001
11111101101101111111
110z0101101101111111
11000101101101111111
11101101101101111111
11100001100001111111
11111111111111111111

00000000000000000000
00000000000000000000
000000000000000t0t00
000000t00000t00s00t0
00000000000000000t00
0000000000000000t0s0
00000000000000000000
00000000000000000000
00t0t000000000000000
00000000000000000000
000000t00t00t0000000
00000000000000000000

17
9
1