11111111111111111111
1111111111111110z011
11111111111111100011
11111111111111|00111
11111111111111|11111
11111111111111|11111
11100000111111|||111
110yyy00||||1111|111
10yyyy00111||||||111
10yyy0>0111111111111
10000001111111111111
11111111111111111111

00000000000000000000
000000000000000s0s00
00000000000000000000
00000000000000000000
00000000000000000000
00000000000000000000
00000000000000000000
0000s000000000000000
000b0000000000000000
000s0000000000000000
00000000000000000000
00000000000000000000

4
4
1