11111111111111111111
111110z0011111000111
11110000001110000111
11110000000000000111
111100\0@@???@0\0111
11111000@@?@??000111
11111100@@???@001111
11111100@@@@@@001111
11111110@@@@@@001111
11111110000000001111
11111110000001111111
11111111111111111111

00000000000000000000
00000s0b000000000000
0000b000000000000000
00000000000000000000
00000000000000000000
00000000000000000000
00000000000000000000
00000000000000000000
00000000000000000000
00000000000000000000
00000000000000000000
00000000000000000000

15
10
1