111100z0001111111111
11110000001111111111
11111111111111111111
11111111111111111111
10000000000000000011
10111001101100111011
10111011101110111011
100000000C0000000011
10110011101110011011
10111011101110111011
10000000000000000011
11111111111111111111

0000sb0s000000000000
00000000000000000000
00000000000000000000
00000000000000000000
0W000000000000000W00
00000000000000000000
00000100010000000000
00000000000000000000
00000000000000000000
00000000000000000000
00000W0000000W000000
00000000000000000000

17
2
1