11111111111111111111
11111111111111111111
11111111111111111111
11111111111111111111
11111000001111111111
1111100z000100000111
111110000Q010Q000111
11111000000110000111
11111000111111111111
11111111111111111111
11111111111111111111
11111111111111111111

00000000000000000000
00000000000000000000
00000000000000000000
00000000000000000000
00000000000000000000
000000s0s000000t0000
000000t000000000t000
000000ttt000000t0000
00000000000000000000
00000000000000000000
00000000000000000000
00000000000000000000

7
6
1