11111111111111111111
11111111111111111111
11111100000011111111
11111000000011111111
11111000000001111111
11110000000000z01111
11110000000000001111
11110000000000011111
111100000d0000111111
11111100000000111111
11111111111111111111
11111111111111111111

00000000000000000000
00000000000000000000
00000000000000000000
0000000b00bb00000000
000000b0000b00000000
0000000c00b00b0s0000
000000b00bbb000b0000
000000bb00bb00000000
00000000000bb0000000
00000000000b0b000000
00000000000000000000
00000000000000000000

8
5
1