11111111111111111111
11111111111111111111
11111000011111111111
11111000011111111111
11110000000000111111
11110000000000011111
11110000000000011111
11111110000000011111
11111110000LM0011111
11111110000000N0z011
11111111111111000011
11111111111111111111

00000000000000000000
00000000000000000000
0000000ss00000000000
00000000000000000000
0000s000000b00000000
00000000s00000000000
00000000000000000000
00000000000000000000
0000000000z000000000
00000000b00000000000
00000000000000000000
00000000000000000000

8
5
1