11111111111111111111
11000011111111000011
00000001111110000000
00000001111110000000
00FDF00111111000FD00
00000001111110000000
00000001111110000000
10000001111110000001
100000011z0110000001
10000001100110000001
1111000111rrr0001111
11111111111111111111

00000000000000000000
00000000000000000000
00000000000000000000
00000000000000000000
00000000000000000000
00000000000000000000
00x0vx000000000x0v00
00000000000000000000
0000000000s000000000
00000000000000000000
00000000000000000000
00000000000000000000

10
3
1