11111111111111111111
11111111111111111111
11111111111111111111
11111100000011111111
11111100000001111111
11111000000000111111
11111000000000011111
11111000000000011111
1110z000000000011111
11100000000000011111
11100000000000111111
11111111111111111111

00000000000000000000
00000000000000000000
00000000000000000000
0000000bsbs000000000
00000000000000000000
0000000H0I0000000000
00000000000000000000
0000000J0K0L00000000
000s0s00000000000000
000000s000bs00000000
00000000sb0000000000
00000000000000000000

4
3
1