11111111111111111111
11111111111111111111
11111111111111111111
11110011111110001111
11110z00111110>00011
11110000||1100000011
111110001|1100000011
111111111|1100000011
111111111|1100000011
111111111||11111|111
1111111111|||1|||111
111111111111|||11111

00000000000000000000
00000000000000000000
00000000000000000000
00000000000000000000
0000s0s0000000000000
00000000000000QRQ000
00000000000000Q00000
00000000000000R00000
00000000000000000000
00000000000000000000
00000000000000000000
00000000000000000000

16
5
1