111111111111111111|1
|1111111111111111111
11111111111111|11111
10R11|11111111111|11
0>0T11111|1111111111
00001111111111111100
0R001111111|1111110z
000R11111111111|1100
11111111|11111111111
111|1111111111111111
111111|1111111111111
111111111111|11111|1

00000000000000000000
00000000000000000000
00000000000000000000
00000000000000000000
00000000000000000000
s10D0000000000000000
b00000000000000000s0
0s000000000000000000
00000000000000000000
00000000000000000000
00000000000000000000
00000000000000000000

2
6
1