11111111111111111111
11111111111111111111
11111111111111111111
11111100000000110011
11111000000000000001
11110L00000000N000z1
11110000000000000001
11110000000011111001
11110000000111111111
1111100M011111111111
11111100111111111111
11111111111111111111

00000000000000000000
00000000000000000000
00000000000000000000
00000000000000000000
0000000000000b0s0s00
0000000s00000000b000
000000000000s0b00000
0000b000000000000s00
00000b00000000000000
00000000000000000000
00000000000000000000
00000000000000000000

9
5
1