11111111111111111111
11110011111110011111
11000011100100001111
110\0\011000\0\01111
11000000000000001111
11100??@@????0111111
11100@@@??@@@0011111
11100??@@?@??000z111
11100000?@0000000011
11111110000111100011
11111111111111111111
11111111111111111111

00000000000000000000
00000000000000000000
00000000000000000000
00000000000000000000
00000000000000000000
00000000000000000000
00000000000000000000
000000000000000s0000
00000000000000000b00
0000000000000000s000
00000000000000000000
00000000000000000000

10
9
1