11111111111111111111
1111111100z011111111
11111111000011111111
11111111100011111111
1111111111|111100001
1100011111|111000001
1100001111|11100EE01
1100000|||||||000001
11000001111111000001
1100000|||||||000>01
11000001111111100001
11111111111111111111

00000000000000000000
000000000b0s00000000
00000000000b00000000
00000000000000000000
00000000000000000000
00000000000000000b00
00000000000000000000
000ww000000000000000
0000b0000000000000b0
000000000000000b0000
00000000000000000000
00000000000000000000

15
4
1