11111111111111111111
11111111111111111111
11111111111111111111
11111111000111111111
11111110000000000111
11110000000000000111
1111000L000000000111
11110M00000000000111
11110000000000000111
11111111000000Nz0111
11111111100000000111
11111111111111111111

00000000000000000000
00000000000000000000
00000000000000000000
00000000000000000000
0000000s0y00bsb00000
00000000000000000000
0000000000000s000000
00000000000000000000
00000000000s000s0000
0000000000000000s000
0000000000000b000000
00000000000000000000

9
5
1