11111111111111111111
11111111111111111111
1111111111110z001111
11111111111100000001
11100000011100000001
11100000011100000001
11100000011110DFE011
11000000011110000011
110DEF00011110000011
11000001111111111111
11000001111111111111
11111111111111111111

00000000000000000000
00000000000000000000
000000000000s0s00000
00000000000000000000
0000000000000v0x0w00
00000x00000000000000
0000vw00000000000000
00000000000000000000
00000000000000000000
00000000000000000000
00000000000000000000
00000000000000000000

15
5
1