11111111111111111111
11111111111111111111
11111111111111111111
11111111111111111111
11110000111111111111
11100z00111111111111
11100000vvv100001111
1110000011vv00001111
11111000111100011111
11111111111111111111
11111111111111111111
11111111111111111111

00000000000000000000
00000000000000000000
00000000000000000000
00000000000000000000
00000b00000000000000
0000b0b0000000000000
00000000000000b00000
00000000000000000000
000000b0000000000000
00000000000000000000
00000000000000000000
00000000000000000000

13
5
1