11111111111111111111
11111111111111111111
11111111111111111111
11111111111111000111
11111111111110000011
11111111000110000011
111111110z0110000011
11111111001110000011
11111111111111000011
11111111111111111111
11111111111111111111
11111111111111111111

00000000000000000000
00000000000000000000
00000000000000000000
00000000000000b0s000
00000000000000000s00
000000000s0000100s00
00000000s00001000s00
00000000000000010000
0000000000000000sb00
00000000000000000000
00000000000000000000
00000000000000000000

16
8
1