11111111111111111111
11111111111111111111
11111111111111111111
11111111111111111111
111111110z0111111111
11111110000111111111
11111100000000111111
11111100000000111111
11111100000000111111
11111100000011111111
11111111111111111111
11111111111111111111

00000000000000000000
00000000000000000000
00000000000000000000
00000000000000000000
00000000s0s000000000
00000000000000000000
000000000000s0000000
0000000Q00000b000000
000000000000s0000000
00000000000b00000000
00000000000000000000
00000000000000000000

10
4
1