11111111111111111111
11111111111111111111
11111111111111111111
11111110z01111111111
11111100000001111111
11111000000000011111
111110@??@0\0\011111
111100@@@@0000011111
111100@??@0\0\011111
11111000000000011111
11111111001111111111
11111111111111111111

00000000000000000000
00000000000000000000
00000000000000000000
0000000s0b0000000000
00000000000000000000
00000000000000000000
00000000000000000000
00000b00000000000000
0000s000000000000000
00000000000000000000
00000000000000000000
00000000000000000000

12
5
1