11111111111111111111
11111111111111111111
11111111111111111111
1110z011111111111111
11100000000111111111
11100000000000111111
11100000000000011111
111000000000D0011111
11110000000000011111
11111000000000111111
11111111111111111111
11111111111111111111

00000000000000000000
00000000000000000000
00000000000000000000
000b0s00000000000000
000000s00s0000000000
00000000000b00000000
0000000000000s000000
0000s00v000000000000
00000s00000000000000
0000000s00bsb0000000
00000000000000000000
00000000000000000000

4
7
1