11111111111111111111
11111111111111111111
11100001111110000111
11000000111100000011
100F0000111100DF0001
10000000111100000001
100000D0111100000001
10000000111100000001
11000000111100000011
111111110z00111r1111
111111110000rr1r1111
11111111111111111111

00000000000000000000
00000000000000000000
00000000000000000000
00000000000000000000
00000b00000000000000
0000000000000v000000
0000x000000000x00000
00000v00000000000000
00000000000000000000
00000000s0b000000000
00000000000001000000
00000000000000000000

10
2
1