11111111111111111111
11111111111111111111
11000000011111111111
11000000011111111111
11000000011111111111
110000000111110z0111
11100000000000000111
11100000000000000011
11100000000000000011
11100000000000000011
11111111111111111111
11111111111111111111

00000000000000000000
00000000000000000000
00000000000000000000
000JIHKL000000000000
00b00000s00000000000
000s0000b00000s0s000
0000s00s0s0bs0s0s000
000bs00ssssssss0s000
0000s00000000000ss00
000sssssssssssssb000
00000000000000000000
00000000000000000000

15
6
1