11111111111111111111
11111111111111111111
11111111111111111111
11111111111111111111
11110z01111111111111
11110000001111111111
1111100DD00001111111
11111000000001111111
11111000000001111111
11111100000001111111
11111111111111111111
11111111111111111111

00000000000000000000
00000000000000000000
00000000000000000000
00000000000000000000
0000b0b0000000000000
0000b0000s0000000000
00000000000bs0000000
00000s00000000000000
000000s00v0v00000000
000000000000b0000000
00000000000000000000
00000000000000000000

8
5
1