11111111111111111111
11111111111111111111
11111111111111111111
1111111z000111111111
11111110000011001111
11111000000010000111
11110000050000000011
11110000000000000011
111100000C0000000011
11111100000111111111
11111111111111111111
11111111111111111111

00000000000000000000
00000000000000000000
00000000000000000000
00000000b00000000000
00000000000000000000
00000000000b00bW0000
000000W00000b00b0000
00000W1W0000C0000000
000000W00000b0bW0000
00000000000000000000
00000000000000000000
00000000000000000000

8
7
1